"X","Y","Z","Fe","P2O5"
65.3,-2253.9,10,15.8,2.4
47,-2252.6,10,12.5,9
72,-2253,10,10.2,0.6
41.2,-2249.7,10,6.4,2.3
77.8,-2250.3,10,18,4.5
58.6,-2249.1,10,0,0
36,-2247.7,10,7.4,3.5
64.5,-2248.4,	10,          ,
83.3,-2248.2,	10,	33.2 ,	9.8
71.9,-2247.1,	10,          ,
31.5,-2245.8,	10,          ,
47.4,-2246.1,	10,          ,
88.3,-2246,	10,	41.5 ,	4.6
26.5,-2244.6  ,	10,	4.6  ,	2.6
42.6,-2244.1  ,	10,	6.3  ,	2.4
58.8,-2243.7  ,	10,          ,
53.7,-2242.6  ,	10,	10.1 ,
79.7,-2243.1  ,	10,          ,
93.9,-2243.4  ,	10,	46   ,	5.8
35.9,-2241.9  ,	10,          ,
17.5,-2240.7  ,	10,	4.5  ,	8.1
100.2,-2241   ,	10,	28.5 ,	9.6
31.2,-2239.9  ,	10,          ,
47.8,-2239.7  ,	10,          ,
84.9,-2240.3  ,	10,          ,
11.3,-2237.7  ,	10,	2.3  ,	2.6
42.8,-2237.9  ,	10,          ,
90.5,-2238    ,	10,          ,
104.4,-2238   ,	10,	42.7 ,	9.2
5.6,-2236.8   ,	10,	19   ,	4.2 
22.1,-2236.6  ,	10,	11.2 ,	5.6 
-0.4,-2235.7  ,	10,          ,      
36.8,-2236.5  ,	10,          ,      
97.2,-2236.2  ,	10,          ,      
108.6,-2235.4 ,	10,	27   ,	12.9
17.6,-2234.2  ,	10,	6.2  ,
101.5,-2233.9 ,	10,	54   ,	3.3 
12.5,-2233.2  ,	10,	3.4  ,	1.3 
26,-2232.6    ,	10,          ,      
30.9,-2233.3  ,	10,	7.3  ,	2.5 
113.4,-2232.8 ,	10,	33.1 ,	6.5 
7.5,-2231.2   ,	10,	3.6  ,	1.7 
106.7,-2231.1 ,	10,	46   ,	8   
0.3,-2229.8   ,	10,          ,      
117.8,-2230.2 ,	10,	50   ,	5.1 
99.6,-2228.6  ,	10,          ,      
110.4,-2227.5 ,	10,	42   ,	9.1 
12.4,-2227.3  ,	10,	3.8  ,	2.1
122,-2227.2   ,	10,	33.7 ,      
0.8,-2224.5   ,	10,          ,
114.2,-2223.6 ,	10,	25.6 ,	12  
126.4,-2223.5 ,	10,	15.8 ,	6.1 
108.4,-2221.4 ,	10,          ,      
119,-2221.1   ,	10,	11.9 ,	8.3 
130.4,-2220   ,	10,	24.1 ,	14.1
111.9,-2217.5 ,	10,	40.6 ,	6.9
123.2,-2217.4 ,	10,	27   ,	11.3
135.2,-2216.2 ,	10,	22.5 ,	5   
115.9,-2215.1 ,	10,	38.1 ,	7.1 
128.5,-2214.8 ,	10,          ,      
108.8,-2213.8 ,	10,	39.5 ,	8.9 
139.7,-2212.7 ,	10,	10.2 ,	5   
120.4,-2212.3 ,	10,	16.1 ,	9.1 
132.3,-2211.5 ,	10,          ,      
112.8,-2210.7 ,	10,	40.4 ,	3.9 
125.6,-2211.3 ,	10,          ,      
144.5,-2210.8 ,	10,	40.5 ,	10.1
117.6,-2208.6 ,	10,          ,      
136.5,-2208.5 ,	10,          ,
148.8,-2207.5 ,	10,	18   ,      
129.6,-2207.3 ,	10,          ,
123.6,-2206.1 ,	10,          ,      
141.6,-2206.5 ,	10,          ,      
134.3,-2204.7 ,	10,          ,      
152.4,-2203.9 ,	10,          ,      
145.4,-2203   ,	10,          ,      
139.1,-2201.9 ,	10,          ,
150.2,-2200.2 ,	10,          ,
156.9,-2200.4 ,	10,          ,      
143.8,-2198.6 ,	10,          ,      
161.7,-2197.6 ,	10,          ,      
147.7,-2195.9 ,	10,          ,      
153.4,-2196.3 ,	10,          ,      
159,-2193.4   ,	10,          ,      
166.9,-2193.3 ,	10,          ,      
151.6,-2192.2 ,	10,          ,      
155.8,-2188.7 ,	10,          ,      
163.8,-2189.3 ,	10,          ,      
172.9,-2188.7 ,	10,	18   ,      
169.3,-2185.5 ,	10,          ,
160.6,-2184.2 ,	10,          ,      
178.2,-2184.1 ,	10,	5.7  ,
165.4,-2180.7 ,	10,          ,      
173.7,-2180.9 ,	10,	14.4 ,	4.6 
181.1,-2179.3 ,	10,          ,      
169.5,-2176.5 ,	10,	31.6 ,	6.1 
177.9,-2175.9 ,	10,	11   ,	6.8 
185.3,-2175.1 ,	10,	15.2 ,	13.8
173.8,-2172.1 ,	10,	32.5 ,	9.9
188.3,-2170.7 ,	10,	19   ,      
176.6,-2168.6 ,	10,	30.1 ,      
184.7,-2168.1 ,	10,	9.5  ,	3.8 
191.6,-2166.6 ,	10,          ,      
181,-2164.5   ,	10,	12.5 ,	10.2
187.2,-2163.7 ,	10,	9.1  ,	5.1 
195.5,-2162.3 ,	10,	2.9  ,	6.1 
184.2,-2160.1 ,	10,	12.1 ,	10.1
190.7,-2159.4 ,	10,	9.8  ,	5.1 
197.6,-2157.7 ,	10,	41.5 ,	4.8 
187,-2155.8   ,	10,	25.8 ,      
193.5,-2155.3 ,	10,	5.8  ,	3.5
201.4,-2152.6 ,	10,	8.9  ,      
189.1,-2151.7 ,	10,	6.6  ,	2.4
196.7,-2150.7 ,	10,          ,      
205,-2147.8   ,	10,	13   ,	44  
192.6,-2147.2 ,	10,          ,      
199.5,-2144.9 ,	10,	8    ,	3.2 
206.9,-2143.3 ,	10,	37.6 ,	8.2 
195.1,-2141.4 ,	10,	7.8  ,	4.3
202,-2140.2   ,	10,          ,
210.5,-2138.4 ,	10,	31.4 ,	8.4 
197.8,-2136.9 ,	10,	12.5 ,	2   
205.9,-2136.1 ,	10,	18   ,	3.6 
213.9,-2133.7 ,	10,	16.9 ,	4.8 
201.6,-2132.6 ,	10,	16.4 ,	5.9 
208.9,-2132.1 ,	10,	5.6  ,	1.3 
217.7,-2130.4 ,	10,	11.4 ,      
204.8,-2128.5 ,	10,	16.5 ,	4.2 
211.9,-2128.2 ,	10,	15.2 ,	4.6 
220.3,-2126.2 ,	10,          ,      
208.4,-2124.5 ,	10,	30.3 ,	5.9 
216,-2122.6   ,	10,	15.7 ,	2.6
223.1,-2122.4 ,	10,          ,      
211.5,-2120.9 ,	10,	36.5 ,	5.7
218.8,-2118.8 ,	10,	9.1  ,	2.2 
226.2,-2118.8 ,	10,          ,      
214.7,-2116.4 ,	10,	26.4 ,	6.3 
222,-2115     ,	10,	9.5  ,	3.5 
230.5,-2112.6 ,	10,          ,      
217.9,-2111.6 ,	10,	26.1 ,	6
225,-2111     ,	10,	20.8 ,	2.1
233.2,-2107.6 ,	10,	41   ,	5.3 
220.8,-2106.8 ,	10,	29   ,	2.7 
227.8,-2106.1 ,	10,          ,      
236.4,-2103.6 ,	10,          ,      
223.2,-2103.2 ,	10,          ,      
231.4,-2101.4 ,	10,	14.6 ,	6.1 
226.9,-2098.5 ,	10,	29.9 ,	4   
234.6,-2096.5 ,	10,          ,      
230.6,-2093.6 ,	10,	41.6 ,      
243.2,-2094   ,	10,	18.5 ,	10.1
236.8,-2091.1 ,	10,	24.1 ,	9.7 
246.6,-2088.9 ,	10,          ,
232.4,-2088.3 ,	10,          ,      
239.3,-2087.1 ,	10,          ,
235.4,-2083.3 ,	10,	22.5 ,	8.4 
241.9,-2080.9 ,	10,	24.7 ,	8.7 
237.1,-2077.6 ,	10,          ,      
246.2,-2075.6 ,	10,	25.8 ,	11.3
239.7,-2073.1 ,	10,          ,      
242.5,-2068.3 ,	10,	23.6 ,	11

